B_values,m_hK1,m_hK2,m_eK1,m_eK2
0,0.6043752826365245,0.6043752826365245,0.4318004335123971,0.4318004335123971
13.542746732103064,0.6071245920936968,0.6185723903800879,0.43945655054973165,0.43391237188181964
18.062768339620842,0.6080976464815481,0.623425059289731,0.4420639966603085,0.43465094068066146
22.57605462160388,0.6090664450220836,0.6290909897993622,0.44467611526600326,0.4353874824137216
27.09415250943126,0.6100334722118568,0.6332030274426826,0.4472997526267138,0.43612388837729965
31.599742374907148,0.6109950322320572,0.6381226515560781,0.4499249976843636,0.4368573441949404
36.125536679241684,0.6119581032088551,0.6430927077307804,0.4525711040034775,0.4375931788899506
40.628240196309186,0.6129134786413082,0.6480660061964095,0.4552129194904693,0.4383243601428267
45.128066586528746,0.6138654752620102,0.6522183647630674,0.4578623945616319,0.4390541841141931
49.677906828546874,0.6148252429904532,0.658149329972193,0.4605509928995119,0.439791221108376
54.18830501886252,0.6157739054604521,0.66321949973225,0.46322606090333546,0.4405209827403198
58.69148826142727,0.6167182877072441,0.6683116808082942,0.4659067347815346,0.4412487026928577
63.24664854440372,0.61767076546097,0.6734936664859249,0.46862857668298585,0.4419839391723578
67.6920998797931,0.6185975868897472,0.6785813335863703,0.4712949543953913,0.4427006170740949
72.18953070655961,0.6195325183919866,0.6837595397013629,0.4740028272072103,0.44342482521610277
76.76676544338856,0.6204812268851198,0.6890621194291442,0.4767695877120423,0.4441610120506838
81.33446165978981,0.6214251333080428,0.6943867560792893,0.4795416687894361,0.4448947935494533
85.7798674590091,0.6223410622236341,0.6996010121903059,0.48225034709204145,0.44560809926685124
90.35235506343388,0.6232803931930534,0.7049978783781978,0.48504777459423826,0.44634094729556384
94.79922712472145,0.6241912162997842,0.710279539683803,0.4877795392012986,0.4470528417240985
99.23947195491917,0.625098026284669,0.7155862776835423,0.4905184205099026,0.44776287268538106
103.86091795281982,0.6260390271537595,0.7211449998359448,0.49338113930852606,0.44850103277491543
108.37661003772504,0.6269557247442944,0.72661187734284,0.4961904324350866,0.4492214725831796
113.00067873266796,0.6278915891930702,0.7322466566537473,0.4990797280974705,0.4499583593780501
117.38297652285453,0.628775878351671,0.7376215366773856,0.5018298921946482,0.45065593483870325
121.76797277227152,0.6296581403670197,0.7430339786323314,0.5045935598821334,0.451353181784452
126.49329708880744,0.6306060002519024,0.7489053438209843,0.5075851553344826,0.45210369970450365
130.78782260725458,0.6314648606501506,0.7542768392570363,0.5103162901868988,0.4527850397056416
135.3841997595862,0.632381364528733,0.7600637321666394,0.5132525475047484,0.4535134781147515
139.85232516419302,0.6332695992492748,0.7657271476703394,0.5161201172018222,0.45422081145757687
144.62544206399483,0.6342155316814779,0.7718190737815934,0.5191980777263826,0.45497558306911084
149.20864269278343,0.6351209792441079,0.7777099153006956,0.5221680411461255,0.4556995078760816
153.53353088677713,0.6359728401540314,0.7833063444053371,0.5249838205360573,0.4563819035762211
158.1166213610093,0.6368728543375833,0.7892772510727295,0.5279819154209303,0.4571042722042445
162.35729702969533,0.6377031507298554,0.7948395187652546,0.5307692333224932,0.45777197169163836
166.83171072736414,0.6385766351189792,0.8007479110306731,0.5337241667618086,0.4584757491938811
171.5597349180182,0.6394967578096864,0.8070358863871029,0.5368624272740927,0.45921861343749687
175.83093163796886,0.6403254441658844,0.8127563093351864,0.5397116733332238,0.4598889955290623
180.32023202021486,0.6411938581763432,0.8188103007735457,0.5427211722188866,0.46059289201648945
185.04477958406326,0.6421049176085011,0.8252280251474452,0.5459049597939634,0.46133288389791743
190.02356289125777,0.6430618320964095,0.8320434078922042,0.5492787741003662,0.4621118245269728
194.38190148968116,0.6438968312060341,0.8380541392655015,0.5522481546512062,0.4627929656725571
198.94485692371123,0.6447683682918742,0.8443923506843363,0.5553732021398601,0.46350535967929024
202.75241399402145,0.6454935393903024,0.8497171660335726,0.5579938097786082,0.4640992516555489
207.72183590563964,0.6464371480225503,0.8567165989799668,0.5614320248077717,0.4648735991165985
211.87627262375244,0.647223534792589,0.8626119211214671,0.5643221873096215,0.46552028902533005
216.20027818750248,0.6480396335499305,0.8687907866657595,0.5673458432106541,0.46619273531088423
220.7044506497421,0.6488871529008257,0.8752742492312443,0.570512572957076,0.46689251074534494
225.40029002526853,0.6497679343756755,0.8820855065672599,0.5738329060672891,0.46762131904148696
230.30029633016568,0.6506839655496389,0.8892501812538014,0.5773184427575666,0.4683810087933565
235.41808069305827,0.6516373947406109,0.8967966467387801,0.5809819949219744,0.4691735892409295
239.40821765395756,0.65237840087902,0.9027258681384823,0.5838549594967549,0.46979091790005034
243.53594554454304,0.6531427999625856,0.908902082898463,0.5868425603062682,0.4704289694449351
247.80850599269291,0.6539317112225485,0.9153411299639804,0.5899518987534903,0.4710888074462267
252.23365788541955,0.6547463260347934,0.9220602366172823,0.593190682549358,0.4717715696820834
256.8197243924272,0.6555879137982167,0.9290781742870443,0.5965672925370585,0.4724784747395845
261.57564521450917,0.6564578283926439,0.9364154358441723,0.60009085863773,0.4732108293353737
266.51103474685846,0.6573575152903999,0.9440944379064923,0.6037713464158438,0.47397003644869606
271.63624695352877,0.6582885193934744,0.952139752372799,0.6076196560524296,0.47475760437421316
275.16399042045776,0.6589273988018544,0.9577200235380495,0.6102842836340168,0.4752992024141085
280.63082466722176,0.659914329225718,0.9664371758692536,0.614439424356275,0.47613770866081734
284.39768137416434,0.6605921583317178,0.9724934781820416,0.6173210286262181,0.4767149145276472
288.2670375833367,0.6612865636738743,0.9787574898170927,0.6202970442583083,0.4773073562216277
294.2726008663228,0.662360597202416,0.9885670811349173,0.6249486911768478,0.4782259361843797
298.41728538556686,0.6630991834702197,0.995399910725115,0.6281825019940712,0.4788592235562238
302.6803894625035,0.6638566213165923,1.002482282180528,0.6315290826472756,0.4795100440502293
307.06706177355426,0.6646336361993432,1.009828192856257,0.6349945576583308,0.4801791383955008
311.5827538584595,0.6654309910392505,1.0174527093800967,0.6385855107411982,0.4808672897815995
316.2332427220186,0.6662494886624827,1.025372071724955,0.6423090292650497,0.4815753269558989
321.02465549053403,0.6670899744362798,1.0336038096427786,0.6461727540462577,0.4823041275975833
325.96349634423456,0.6679533391177483,1.042166873199235,0.6501849352368193,0.4830546219969585
328.4903451531046,0.6683938925750461,1.0465789980812028,0.6522494570883036,0.48343831043859015
333.6634214547283,0.6692933527249268,1.0556780538387072,0.6565012815538952,0.48422321483498104
339.0020361980039,0.6702181381170218,1.0651630329299662,0.6609252864182202,0.4850323961903138
344.51426442886583,0.6711693243869916,1.075059139725735,0.6655324056145316,0.48586700314397285
347.33815184221714,0.6716551706710274,1.0801698495516767,0.6679083107178426,0.4862942202252237
353.1271210395874,0.6726481107067619,1.0907348862065511,0.6728127418848898,0.48716928265882453
356.09457583823934,0.673155513815231,1.0961970347389476,0.675344655035373,0.48761746416756424
362.1816626047051,0.674192993729222,1.1075015126452297,0.6805769324978879,0.48853601011880615
365.30391831681453,0.6747234079007227,1.1133528015431262,0.6832811741516764,0.4890067452757628
371.71275898903934,0.6758084661571029,1.1254774984135463,0.6888762562289606,0.48997211422612846
375.00225243142023,0.6763634788760602,1.1317612172972293,0.6917715578894085,0.4904671578756419
378.3504868281293,0.6769270691360605,1.1381998146961045,0.6947351912146557,0.490970726089586
385.2295865886408,0.6780807833798713,1.151565201563446,0.7008776478027315,0.49200433697795776
388.7638029793623,0.6786713235935085,1.1585045234307414,0.704061896521053,0.49253485015255366
392.3634678217638,0.6792712743076234,1.165623827456382,0.7073253452066764,0.493074829621731
396.03041611916336,0.6798808604634863,1.1729302240114652,0.7106710749440875,0.49362453242980053
403.5738526166714,0.6811298752870507,1.1881346519811633,0.7176225413287717,0.4947541839175302
407.4543704302932,0.6817697911647264,1.1960488976905348,0.7212353149435646,0.49533469571226757
411.4102381043736,0.6824203175438435,1.204182721271851,0.7249444695158701,0.4959260580353942
415.4436718112793,0.6830817186152492,1.2125453973055225,0.7287540390515288,0.49652857983955523
419.5569754925791,0.6837542674409219,1.2211467269396472,0.7326682913262386,0.4971425819996359
423.7525452475049,0.6844382463375516,1.2299970753513783,0.7366917453682004,0.49776839789833527
428.0328739873787,0.6851339472809898,1.239107412401673,0.7408291905530441,0.49840637404662147
432.40055637500495,0.6858416723335798,1.2484893567968853,0.7450857074900287,0.499056870741979
436.85829406959266,0.6865617340950733,1.2581552241076672,0.7494666909032239,0.49972026276732673
441.4089012994842,0.6872944561796981,1.2681180790375923,0.75397787474732,0.5003969401329388
446.05531078684726,0.6880401737207181,1.278391792374586,0.7586253598790729,0.5010873088653275
450.80058005053706,0.6887992339048351,1.288991103113783,0.7634156450767382,0.5017917918461505
455.64789811559666,0.6895719965385221,1.2999316862928547,0.7683556841627813,0.5025108297050049
460.60059266033136,0.690358834648446,1.3112302271500895,0.7734527723332054,0.503244881770316
465.6621376346208,0.6911601351197102,1.3229045022834693,0.7787149336061983,0.5039944270830666
470.83616138611654,0.6919762993734977,1.3349734685767247,0.7841505741489078,0.5047599654777929
476.1264553342752,0.692807744088376,1.3474573607512899,0.7897687565244974,0.5055420187368862
481.536983235801,0.6936549019683498,1.3603777985089889,0.7955792003165377,0.5063411318234562
487.0718910890861,0.6945182225618405,1.373757904353214,0.8015923458911056,0.5071578742000045
492.7355177296568,0.6953981731359514,1.387622433318252,0.8078194238337939,0.5079928412392496
498.53240617353515,0.6962952396106807,1.4019979159949099,0.8142725323735198,0.5088466557354802
