B_values,r_vK1,r_vK2,r_cK1,r_cK2
14.9978,323.7909235440744,326.82822868551324,226.3596502226379,225.1987497419499
20.0035,242.97566489289375,246.01588553006636,170.19020133695687,169.02876374061415
25.0017,194.56887070521086,197.61202118572402,136.5460719724682,135.38408696199036
30.0052,162.26309668371377,165.30919876464915,114.09287248543583,112.93032840615375
34.9949,139.2463749852885,142.29543898890816,98.0959825558894,96.93286996012111
40.007,121.90629357835182,124.95835130879938,86.04462224495748,84.88092756282437
44.9935,108.48825915604188,111.5433136922963,76.71926467656054,75.55497994983547
49.9768,97.75372940647726,100.81179705644354,69.25907174817692,68.09418649524768
55.0154,88.87700495397344,91.93813766359145,63.09015534084857,61.92465188090491
60.0104,81.54846105384884,84.61265050727334,57.99729695409517,56.83116975177383
64.9975,75.35524734193883,78.42250672041726,53.69355294132928,52.52679220080977
70.042,69.98772208129397,73.05810512912375,49.963719480356666,48.79630694382962
74.9651,65.44590365834115,68.51935284259395,46.80777954725195,45.639720323997594
79.9458,61.420138680018,64.49670758878817,44.01054012658102,42.84181603484772
85.0148,57.80721236652174,60.88697461961107,41.50026809004868,40.330856387648865
90.0733,54.60713484868804,57.69010210288584,39.27695371937086,38.106844855538654
94.9963,51.819918811261,54.90602277366458,37.34058358782651,36.169785712556155
100.0601,49.23911281180569,52.328461126851415,35.54771352564771,34.376196140590544
104.9847,46.96795693767194,50.06047791359906,33.970049979318055,32.79782236265144
109.902,44.90322611605269,47.998932136249785,32.53587028529067,31.362923193285223
115.02,42.941687689424086,46.040726846007516,31.173461854809425,29.999755010106014
120.0209,41.186585431627016,44.288899254867594,29.954525105071983,28.78006515349868
125.1418,39.53468377623696,42.6403690502888,28.80735117653892,27.632109057900173
129.9949,38.08923333779315,41.19813073584389,27.803629805775152,26.627636169481217
134.8511,36.74699519407632,39.859123168723926,26.871656420393386,25.69490083453379
140.0841,35.404720328075776,38.52034801930789,25.93974210661563,24.762154283465904
144.84,34.26891742056488,37.38774229629664,25.151251749160775,23.972897537802183
149.9303,33.13308212859721,36.25534631551259,24.362816075818895,23.183631042472925
154.8785,32.10047360773108,35.226098355964126,23.646109922635112,22.466106785705364
160.1644,31.067832552279395,34.197065966587886,22.929461348053202,21.748572876329497
165.24,30.138425033356107,33.271141690550266,22.284533000464624,21.102783356082437
170.0296,29.312258401953436,32.44827827237862,21.711312663812055,20.528740447742567
175.1051,28.486064461460433,31.62560198434456,21.138144036247194,19.954689615774836
179.8014,27.763120453600052,30.905928586023236,20.636668490638687,19.452388135062236
184.7566,27.0401518587124,30.186427280699466,20.135241484420284,18.950079623468344
189.9926,26.31715665990075,29.46711418188598,19.63386809840923,18.447763560602432
194.7227,25.69742362079463,28.850723604262058,19.204166525151386,18.017200492629307
199.6943,25.077667827986943,28.234497434746704,18.7745127110454,17.586631062448372
204.9265,24.457887560023348,27.618449970271634,18.344911298627437,17.15605484023475
210.4402,23.838080917090462,27.002597196645347,17.915367528900816,16.72547135699251
215.2668,23.321553724013228,26.489548144212502,17.557462679479578,16.366645872575926
220.3201,22.805005422452655,25.976658257049838,17.1996058281085,16.007814668336618
224.5367,22.391750606219407,25.566469486287012,16.91335778277304,15.72074535366165
230.0401,21.875160536922248,25.05389921794284,16.555598520145807,15.361902957465613
234.6409,21.461870168741523,24.643985172646207,16.269435038114988,15.074824187839514
239.4294,21.048562488961778,24.234206864420837,15.98331383618044,14.787740866322121
244.4176,20.63523646254548,23.824573784131797,15.697238217435615,14.500652756941527
249.6179,20.221890970116604,23.415096317577103,15.411211824647935,14.213559607418702
255.0444,19.80852479918314,23.005785852504943,15.12523868392649,13.926461147785306
260.7121,19.395136634224492,22.59665490127282,14.839323255160899,13.63935708883662
265.1309,19.085080221484375,22.28993273007048,14.624927515729238,13.424025184345133
269.7021,18.77500998608257,21.98332558767476,14.410569305903785,13.20868981709075
274.4338,18.46492523514614,21.676840300511124,14.196251113645003,12.993350840217436
279.3344,18.15482522860664,21.370484238885744,13.981975643110408,12.778008098651013
284.4132,17.844709175103628,21.064265371726446,13.76774583806597,12.562661428545638
289.6801,17.534576227449044,20.758192328000185,13.553564908328125,12.347310656662499
295.1457,17.224425477610655,20.45227446581125,13.339436359755165,12.131955599730885
300.8216,16.91425595113099,20.146521950293717,13.125364028281204,11.916596063729479
304.7284,16.707465321458113,19.942784221273786,12.982682432327538,11.773020450357834
310.7826,16.397262134754456,19.63733234846637,12.768713342053745,11.557652986448367
314.9542,16.190448004093852,19.433806433642328,12.62610494299231,11.414071883385889
319.2393,15.983623835598165,19.230372172616082,12.483528501015428,11.27048846342245
325.8901,15.673367896818272,18.92540217506623,12.269727478652808,11.055108827931896
330.4801,15.466516868908371,18.722216589732415,12.127238565382044,10.911519288026895
335.2012,15.25965433381576,18.519139051085034,11.984788042869035,10.767927160884387
340.0592,15.052779819341303,18.316174942757943,11.84237805020905,10.62433236193355
345.0601,14.845892827006809,18.113330006804787,11.700010882211926,10.480734803048122
350.2102,14.6389928302007,17.91061037371732,11.557689003504848,10.337134392373716
355.5165,14.432079272153977,17.708022595493667,11.41541506415236,10.19353103413883
360.9859,14.22515156374609,17.505573682113027,11.273191917012515,10.049924628467654
363.7843,14.121682209626085,17.40440362542132,11.202100342201234,9.978120250458597
369.5132,13.914732094361973,17.20217725509154,11.059959224175358,9.834509076872688
375.4254,13.707766198149042,17.00010955344056,10.917877050011286,9.690894586825312
381.5299,13.500783798311833,16.79820948035324,10.775857549742442,9.547276664390003
384.6571,13.39728617149367,16.69732528787804,10.704872551665806,9.475466378410758
391.0681,13.190277561836261,16.495694955716807,10.562954741174671,9.331843078794483
394.3544,13.08676636857806,16.394951508716083,10.492023069250896,9.260030032869127
401.0955,12.87972965379304,16.19361518012688,10.350217227260808,9.116401065378463
404.5532,12.776203900977482,16.093025318496103,10.279344350351751,9.044585109339236
411.6506,12.56913699769853,15.892010206821153,10.137662132442486,8.900950163605447
415.2936,12.465595592413866,15.791588354698545,10.066854263069194,8.829131137089645
419.0015,12.362048707699659,15.691226019958759,9.996069589891437,8.757311049575954
426.6197,12.154937941823475,15.490687496393647,9.854573156728007,8.61366761331305
430.5337,12.051373769579563,15.390515305274253,9.78386315587873,8.541844224345446
434.5201,11.947803535324722,15.29041063544916,9.713179873968013,8.470019693924682
438.581,11.844227080555985,15.19037570619082,9.64252429772721,8.398194000799236
446.935,11.637054847206311,14.990524435733903,9.50130044927909,8.254539039040424
451.2324,11.533458722595114,14.890713038536143,9.430734399320693,8.182709725483953
455.6133,11.429855684866283,14.790981281537052,9.360200505816959,8.110879159353052
460.0801,11.326245544861427,14.691331924409011,9.289700023177284,8.039047316910263
464.6354,11.22262810641949,14.59176785377481,9.219234269618573,7.967214173887867
469.2817,11.119003166050497,14.49229209051805,9.148804631198082,7.895379705476614
474.0219,11.015370512587713,14.392907797598712,9.078412566151306,7.823543886314255
478.8589,10.91172992681955,14.293618288416058,9.008059609563494,7.751706690475753
483.7956,10.808081181101414,14.194427035771639,8.93774737840497,7.679868091459775
488.8351,10.70442403894313,14.095337681466553,8.867477576964756,7.608028062180853
493.9808,10.600758254574227,13.996354046605587,8.79725200271689,7.536186574954128
499.2359,10.49708357247962,13.897480142652451,8.727072552665769,7.464343601488831
