B_values,r_vK1,r_vK2,r_cK1,r_cK2
14.988419189522881,344.72240944156806,348.21672607020554,254.85213253329712,253.47081404192005
19.990947844849575,258.73342722722583,262.2289758475623,191.659292391443,190.27896610137694
24.986022186476877,207.2275796774688,210.72438767114505,153.80755864152047,152.42820638039822
29.986421767274365,172.8534803905072,176.3515780385708,128.54568082285937,127.16728711848071
34.97297810888672,148.36308572890044,151.86249799635664,110.54719441640881,109.16974035861007
39.98189568969915,129.9127289069329,133.4134900860387,96.98744537834719,95.61091902768436
44.965257568568646,115.63549629927141,119.13762746763683,86.49447792361573,85.11885866636456
49.94543519064655,104.21355771904112,107.71708558775973,78.09983615580857,76.72510776811504
54.98096558501418,94.7683529812004,98.27332083944104,71.15787079039993,69.78402745307284
59.97284353454873,86.97044075541592,90.47686341131966,65.42649721643231,64.05351582961687
64.95673634905415,80.38053992471383,83.88844190072254,60.58288871653724,59.210752748236025
69.99815469256284,74.66918375487145,78.17860916397112,56.38491517927675,55.01361915313775
74.9181527859698,69.83639965709936,73.34733778563948,52.83262438808377,51.46213346218329
79.89567912098313,65.55270351750725,69.06519792883272,49.683855881962444,48.31416493991356
84.9615283406107,61.70827183606272,65.22237662842812,46.85789805267939,45.4890064436225
90.0168208138524,58.30311969280851,61.81885790527697,44.35477678684703,42.98666807465914
94.93676851015609,55.33726589406175,58.85461889126637,42.17452312130155,40.80716232684608
99.99736384651834,52.59103092614029,56.11007047430526,40.155658992387885,38.78905321968349
104.91893432666018,50.17427581755521,53.69498027810816,38.37895807550762,37.013072837684064
109.83317012650375,47.9771617772263,51.49955276284353,36.76368300197131,35.39850383901178
114.94795010788505,45.88983888723986,49.41401058229873,35.22907999102781,33.864621653811334
119.94568706909746,44.022173516708975,47.548109954164225,33.855929465046955,32.4921617416819
125.06336971737892,42.264311471448565,45.79208018182393,32.56347118665266,31.200396742870065
129.9134726981083,40.726129064484184,44.25565757336162,31.432498722801796,30.070068447951595
134.76656219545143,39.29776716874499,42.82907910608538,30.38224439655149,29.020446278927906
139.99630938512567,37.86935197349012,41.402610808386534,29.33192095568483,27.970790296681994
144.7492705062256,36.66064677642221,40.19569738869591,28.443126964059143,27.082590646612296
149.8363055719396,35.45189471241565,38.9888864698413,27.55427448085523,26.194361461749487
154.78139816507294,34.35298442532974,37.89188621549005,26.74617196100206,25.386852261733075
160.06403974067268,33.25402719037843,36.794994309952024,25.93801313330395,24.57931367476087
165.1364917042856,32.26492163192786,35.807895953434056,25.21061844408742,23.85250147001445
169.9230566812214,31.385678397293564,34.9305682470343,24.56400133150363,23.20642237066884
174.9953867314071,30.50639592512857,34.05333824073954,23.91734001474089,22.560318960549214
179.68874959393523,29.736988881539165,33.2858508745923,23.35147287666652,21.994956936597205
184.64080174809882,28.967546608614697,32.51845536976051,22.785567692666124,21.429573229673714
189.87353702031217,28.198066269380266,31.751161399730318,22.219622297694873,20.86416617287693
194.60067902081786,27.5384790164768,31.093569971750423,21.734492498956268,20.37951157715086
199.56920699581747,26.87885929633811,30.436069041453077,21.249329936007086,19.894837201356236
204.7980945153585,26.21920470058885,29.77866741781487,20.764132998819246,19.410141650830486
210.30835714805872,25.559512576123684,29.121375031177546,20.27889999961242,18.92542339690884
215.1319433211794,25.00973836677451,28.573722878530535,19.874510349135605,18.521472969301822
220.18198893904744,24.459934206742076,28.026161646635398,19.470093372306927,18.117504551739987
224.39599829673253,24.0200679573062,27.588183548854467,19.146539383028717,17.79431609478172
229.8959002157701,23.470204649093205,27.040807063515743,18.742070447510258,17.390312328119272
234.4938182200855,23.030288119242005,26.602988970841285,18.41847342879984,17.067093923135722
239.279406347026,22.590347153507565,26.165250802950208,18.094856329345077,16.74386103766241
244.26439397925571,22.15038032382415,25.727598740751844,17.771218553724335,16.420612876948557
249.46150874477178,21.71038608833265,25.290039586520955,17.447559506751226,16.097348587191014
254.88458502183204,21.270362779786367,24.852580841380593,17.123878598601923,15.774067249962538
260.5486869112061,20.830308592499517,24.415230794462335,16.800175251251627,15.450767876008813
264.9647663503791,20.500246515705186,24.08729507806311,16.557382678224702,15.208280870207947
269.53312439090286,20.170165083020283,23.759429886920742,16.31457694358606,14.96578263898558
274.26177569600645,19.8400633481385,23.43163981166386,16.07175783464984,14.72327267195598
279.1593074048637,19.50994030184361,23.103929830071177,15.828925154415922,14.48075042745493
284.2349311758612,19.179794866654643,22.776305347468025,15.586078725574266,14.238215330114347
289.4985410124512,18.84962589095393,22.448772242181576,15.343218395223257,13.995666768222964
294.9607776353277,18.519432142458673,22.121336916786245,15.100344040424085,13.753104090819528
300.63310028216085,18.189212301013832,21.794006356029932,14.85745557474671,13.510526604532652
304.5374262598513,17.969050548892902,21.575847925080446,14.695522068667453,13.348799690107326
310.5878387021,17.638784021079967,21.24870928656084,14.452610017041708,13.106195855094713
314.7568029799805,17.418589713301806,21.03068670260895,14.29066081012629,12.944450633322797
319.03920846270137,17.19838152466764,20.812723283198032,14.128705368173332,12.782697646586108
325.6858586390076,16.868042052332104,20.48589576531851,13.885760626629526,12.540053012963751
330.2729834085712,16.647796790677575,20.268093946351353,13.723789851726222,12.378279404519217
334.99116888583643,16.427535676317063,20.050362801160162,13.561813097676222,12.216497029185414
339.8461133624428,16.207258077488998,19.832706133025724,13.399830487571144,12.054705569522042
344.84385032365515,15.986963328238284,19.61512800986046,13.237842171947348,11.892904692704228
349.9907734628142,15.766650726055433,19.39763278695857,13.075848332237978,11.731094049586135
355.2936639698265,15.546319529318868,19.18022513207993,12.913849184640439,11.569273273699942
360.7597203385931,15.325968954523546,18.96291005316576,12.751844984492859,11.40744198018305
363.556307317962,15.215786143315725,18.85428889517232,12.670841081406333,11.326522263731524
369.28160349619765,14.995404933234514,18.637122890495192,12.508829879087852,11.16467442904998
375.1901091521368,14.775002182605588,18.42006367938603,12.34681446774245,11.002815026314687
381.2907613334724,14.5545769357349,18.20311772467215,12.184795282949617,10.840943596608641
384.41609544276315,14.444355561882961,18.09468937546469,12.103784429724913,10.760003221623647
390.8230303668092,14.223894651181752,17.87792654591851,11.941760550394036,10.59811283735957
394.1072575127487,14.113654837268003,17.769594020924053,11.86074767904357,10.517162697419119
400.8441337095479,13.89315576724493,17.553031936477684,11.698720501889277,10.355252181965222
404.2996865863543,13.782896207422256,17.44480457877873,11.617706385981375,10.274291664900595
411.3926635440096,13.562356242463645,17.22846308111064,11.455677624854271,10.112359743531226
415.03330658422215,13.452075503657072,17.120351428215574,11.37466321186359,10.031388185649979
418.7389611072955,13.341787362478756,17.012280918605114,11.293648945470945,9.950412790337436
426.35239676379183,13.1211881440936,16.796268907185087,11.131621409843461,9.788450155992242
430.2638866423588,13.010876687233948,16.68833034656669,11.050608443297072,9.70746274533757
434.2478115186768,12.900557068179696,16.580438818162932,10.969596230012693,9.626471153840452
438.30620228053357,12.790229080722977,16.472595959883403,10.888584948313738,9.545475289401587
446.654891847782,12.569547140144092,16.257063177310176,10.726565954366393,9.38347035981908
450.9496504232414,12.459192738036075,16.149376913297413,10.645558662693539,9.302461096706374
455.327802369098,12.348829068889247,16.041746648950785,10.564553145589878,9.221447164509957
459.7918004315402,12.238455887926712,15.934174433617427,10.483549650815464,9.14042845675329
464.34419449521886,12.128072941592542,15.826662413509888,10.40254844302238,9.059404863762902
468.987636440171,12.017679967151457,15.719212837353245,10.321549804943652,8.978376272554517
473.72488529310203,11.907276692265642,15.61182806243188,10.240554038666751,8.897342566710122
478.558812694052,11.796862834546955,15.504510561060737,10.159561467015928,8.816303626252102
483.4924087012072,11.686438101085232,15.39726292751826,10.078572435042302,8.735259327508896
488.52878795851143,11.576002187946997,15.290087885484166,9.997587311632039,8.654209542979368
493.67119625281157,11.465554779646913,15.182988296011898,9.916606491245563,8.573154141187123
498.92301748954355,11.355095548587121,15.075967166097504,9.835630395804072,8.492092986532212
