B_values,m_hK1,m_hK2,m_eK1,m_eK2
0,0.5325115066342204,0.5325115066342204,0.4178292633793444,0.4178292633793444
14.9978,0.536269779127313,0.5386562538114001,0.42357837389194053,0.4190441145009454
20.0035,0.5375634101196031,0.5407400818399286,0.4255309089739904,0.4194756832136138
25.0017,0.5388568599488934,0.542819388827031,0.4274841558831934,0.4199063158366417
30.0052,0.5401534449967217,0.5448994969647506,0.4294431802452869,0.42033711774419785
34.9949,0.5414481985647621,0.5469724370900096,0.43140053317827975,0.4207664416648337
40.007,0.5427505336054763,0.5490532566697875,0.4333705060975388,0.42119740737271616
44.9935,0.5440479976380473,0.551122051519872,0.43533431997904526,0.4216258957878584
49.9768,0.5453464075330045,0.5531881209685261,0.4373008269119543,0.4220538362847109
55.0154,0.5466610603492419,0.5552757269475999,0.439293274418245,0.4224862579963601
60.0104,0.547966121904942,0.5573438184836564,0.44127257296267813,0.4229146613933423
64.9975,0.5492708961100553,0.5594071929238371,0.4432528708548529,0.42334211500768726
70.042,0.5505925675316604,0.5614929495271878,0.4452603315319032,0.42377423697263916
74.9651,0.5518841952002987,0.5635270792785149,0.4472236872314406,0.42419569739211327
79.9458,0.5531927294219643,0.5655835917191863,0.4492143348236302,0.4246218337510492
85.0148,0.5545263521897104,0.5676751451946063,0.45124485339223647,0.425055274708931
90.0733,0.5558590822713445,0.5697608784662851,0.4532757870348935,0.42548755753946427
94.9963,0.5571579467597604,0.5717893654895344,0.45525687301449297,0.4259080257523524
100.0601,0.5584958164360586,0.5738743916729143,0.45729932239270926,0.42634026921138984
104.9847,0.5597987606993705,0.5759007241767917,0.4592903310154466,0.4267604032618003
109.902,0.5611015675058294,0.5779226419421593,0.46128303456804304,0.4271796833957668
115.02,0.5624594605629843,0.5800255870530625,0.4633620782912676,0.42761583555561256
120.0209,0.5637881775871462,0.5820789423674576,0.4653985648791351,0.42804177572736996
125.1418,0.5651507320309694,0.5841800700038201,0.46748914219940046,0.4284777049776947
129.9949,0.5664438687471938,0.5861699261475266,0.4694753521706873,0.4288906267133688
134.8511,0.5677395823821524,0.5881596259689981,0.4714676628173324,0.4293035965865249
140.0841,0.569137857198416,0.5903021974107324,0.4736201378021846,0.42974839055407604
144.84,0.5704104558118006,0.5922480321103519,0.4755814257868792,0.4301524321197414
149.9303,0.5717744069429869,0.5943291491184763,0.4776859682495435,0.4305846636780827
154.8785,0.5731021911725114,0.5963507188624191,0.4797372111645088,0.4310046308098945
160.1644,0.5745226723829975,0.598508662853651,0.4819344570749606,0.4314530461965221
165.24,0.5758886435312612,0.600579166278955,0.484050175357172,0.4318834109194751
170.0296,0.5771794352774224,0.6025315500652854,0.4860520190056474,0.4322893355858447
175.1051,0.5785492073636768,0.604598977789788,0.488179138122016,0.4327193024839971
179.8014,0.5798184002748225,0.6065105467234135,0.4901526816882295,0.433116972342697
184.7566,0.5811593849047488,0.6085260166287964,0.49224064511072957,0.43353638377700093
189.9926,0.5825784274672592,0.6106540859979261,0.4944533283721687,0.4339793732964234
194.7227,0.5838621735294106,0.612575085224552,0.49645792021920565,0.434379392173003
199.6943,0.585213328997252,0.6145926839088344,0.49857077913201436,0.434799668389443
204.9265,0.5866373432807028,0.6167143467287317,0.5008009715766714,0.43524178412799874
210.4402,0.5881402687348508,0.6189483265808953,0.5031586108305528,0.4357074911383226
215.2668,0.5894578262726569,0.6209023441911761,0.5052287893375238,0.4361149980303675
220.3201,0.5908391650689006,0.62294652278687,0.507402582688031,0.43654147530658827
224.5367,0.591993329298006,0.6246510469459507,0.509221589589216,0.4368972252617413
230.0401,0.593501744553042,0.6268739964229644,0.5116027022686372,0.43736136522489255
234.6409,0.5947645704489054,0.6287308935237416,0.5135995005213939,0.4377492449049457
239.4294,0.596080671474064,0.6306621357085219,0.5156838555324876,0.43815282270628086
244.4176,0.5974534867046792,0.632672270100976,0.5178616993817867,0.43857307436397935
249.6179,0.5988867570168229,0.6347662215361407,0.5201395159714601,0.4390110584661666
255.0444,0.6003845588204019,0.6369493325244435,0.5225244070875905,0.43946792547156555
260.7121,0.6019513424001125,0.6392274083907542,0.5250241682314523,0.4399449279354115
265.1309,0.6031746106271574,0.6410020665016457,0.5269794997548409,0.44031671094165653
269.7021,0.6044416333557979,0.6428365593423394,0.5290081905485339,0.44070120867610874
274.4338,0.6057547953193694,0.6447339572083071,0.5311144851325952,0.4410990874067697
279.3344,0.607116657113476,0.6466975435622537,0.533302964399158,0.4415110609836959
284.4132,0.6085299716284083,0.648730833818942,0.5355785798189524,0.441937895183621
289.6801,0.6099977023470294,0.6508375961486099,0.5379466919301789,0.4423804125416687
295.1457,0.6115230437577054,0.6530218745579205,0.5404131137528219,0.4428394977358591
300.8216,0.6131094441704906,0.6552880145439952,0.5429841598813394,0.4433161035995514
304.7284,0.6142027946063686,0.6568465475843979,0.5447596839600163,0.44364407875846396
310.7826,0.6158993946084673,0.6592596909678101,0.5475206782349761,0.44415220992146875
314.9542,0.6170700170546572,0.660920971103794,0.5494299115924336,0.44450224825083406
319.2393,0.6182738487940512,0.6626262048445772,0.5513969371785922,0.44486174300758263
325.8901,0.620145007962217,0.6652703485642096,0.5544617752178538,0.4454195765043185
330.4801,0.621438288356288,0.6670933847824754,0.5565854458513952,0.4458044699782535
335.2012,0.6227701466521164,0.6689669721887828,0.5587771185936041,0.4462002867651526
340.0592,0.6241423257291635,0.6708932355108256,0.5610401519995099,0.44660750156851525
345.0601,0.6255566742346249,0.6728744199096041,0.5633781316035182,0.44702661719160247
350.2102,0.62701515464704,0.6749128996263187,0.5657948895685575,0.4474581666629797
355.5165,0.6285198520807495,0.6770111873867748,0.5682945264244341,0.4479027155597588
360.9859,0.6300729839079628,0.6791719446418955,0.570881435160903,0.4483608645492767
363.7843,0.630868444383769,0.6802766244275643,0.5722090757867262,0.4485952370627372
369.5132,0.632498700850809,0.6825364292088211,0.5749358355242067,0.4490749961265643
375.4254,0.634183585387126,0.6848660836070594,0.5777623121942688,0.44957002943472646
381.5299,0.6359258680907467,0.6872688645439676,0.5806941538296652,0.45008108427733073
384.6571,0.6368194504860163,0.6884987578787419,0.5822014704905717,0.45034286685693203
391.0681,0.6386534407438913,0.6910178319809148,0.585302922598429,0.4508794656839863
394.3544,0.6395946662114143,0.6923079695450265,0.5868987648418845,0.45115450196588686
401.0955,0.6415277294279094,0.694951955222542,0.5901852081896036,0.451718626957521
404.5532,0.642520473479366,0.6963068568818908,0.591877731183493,0.45200795929289483
411.6506,0.6445607744598404,0.6990852444256341,0.5953664862546104,0.45260180526495947
415.2936,0.6456093385313032,0.700509893189559,0.5971648906071446,0.4529065894019023
419.0015,0.646677547092523,0.7019589869916647,0.5990008385158077,0.4532168028287848
426.6197,0.6488751214779113,0.7049330613768736,0.6027902425576326,0.45385411453191016
430.5337,0.6500056513060263,0.7064593737705527,0.6047462724676069,0.45418152525146116
434.5201,0.6511581555650672,0.7080127968170634,0.6067449995847147,0.4545149906803368
438.581,0.6523332728067639,0.7095940569797068,0.6087878598833276,0.4548546822197945
446.935,0.6547540243652434,0.7128431267760793,0.6130120572071444,0.45555346259872664
451.2324,0.6560010632687653,0.7145125252797605,0.6151966113097757,0.4559129286000373
455.6133,0.6572735268608153,0.7162129412514058,0.6174317413123622,0.4562793757465624
460.0801,0.6585721887817828,0.7179452449432813,0.6197192540573101,0.45665301193546437
464.6354,0.6598978537500609,0.7197103395571117,0.6220610445588309,0.4570340535097565
469.2817,0.6612513590998577,0.7215091628352598,0.6244591014972579,0.4574227256975663
474.0219,0.6626335764087132,0.7233426887468366,0.6269155131330216,0.4578192630793126
478.8589,0.6640454132205531,0.7252119292756147,0.6294324736772711,0.4582239100850469
483.7956,0.6654878148707594,0.727117936317453,0.6320122901620918,0.4586369215243622
488.8351,0.6669617664197885,0.7290618036952131,0.6346573898559167,0.4590585631513013
493.9808,0.6684682947031578,0.731044669300104,0.6373703282767104,0.4594891122674159
499.2359,0.6700084705053483,0.7330677173689776,0.6401537978593167,0.45992885836516584
