B_values,r_vK1,r_vK2,r_cK1,r_cK2
13.542746732103064,100.22412115016289,102.11392356847907,72.545482650671,71.63024969564485
18.062768339620842,75.26450317661725,77.16158354958957,54.71444803876164,53.79693096143561
22.57605462160388,60.31395605930934,62.296924459022534,44.03489290204725,43.115068475201234
27.09415250943126,50.336067431263935,52.24787120528081,36.90831984771266,35.98615888100132
31.599742374907148,43.22702287143642,45.14626306015484,31.831548767725867,30.907031011501676
36.125536679241684,37.8711567701464,39.797928362259675,28.007458581693825,27.080546515178874
40.628240196309186,33.72658349311495,35.66090978368585,25.048847955462804,24.11952689014808
45.128066586528746,30.41078772800582,32.31078313151747,22.682422535177118,21.75066709606142
49.677906828546874,27.66875323538119,29.61845111378232,20.726006162118907,19.79176182283649
54.18830501886252,25.404865666867597,27.362319430775337,19.111228563415107,18.174489517521604
58.69148826142727,23.491616007163806,25.456876651115817,17.747004307799706,16.807747222570388
63.24664854440372,21.833367157384764,23.80658972516906,16.565038119500905,15.623206020468642
67.6920998797931,20.430143804097995,22.411199981640138,15.565246125280735,14.620873829238962
72.18953070655961,19.18629319746097,21.17533884955956,14.679386390931693,13.732416709474657
76.76676544338856,18.06993509798528,20.067178888024824,13.884699703001461,12.93505800506241
81.33446165978981,17.081083129230123,19.086575789568684,13.181139077716933,12.228802063293587
85.7798674590091,16.21975442720886,18.233340692978278,12.568642304142823,11.613654279952408
90.35235506343388,15.42215901945594,17.444138316348376,12.001795650113728,11.044051988901076
94.79922712472145,14.720211327289862,16.750419827398265,11.503234442701123,10.542782616607083
99.23947195491917,14.082017234653225,16.120508898602697,11.050249018686971,10.087065108284149
103.86091795281982,13.475672253719567,15.522855994105711,10.620172610829101,9.654115256372167
108.37661003772504,12.93309591796706,14.988843284973273,10.23561665200176,9.266721977374441
113.00067873266796,12.422379770920248,14.486969106608774,9.873930508229874,8.90209984892093
117.38297652285453,11.975452798487764,14.048490407718209,9.557682464857617,8.583040574277343
121.76797277227152,11.560401966115904,13.641960481071932,9.26424039932316,8.286757330052536
126.49329708880744,11.145300299969964,13.236117242466635,8.971035768371825,7.990459174066404
130.78782260725458,10.79401624315932,12.893316734040786,8.723149408115646,7.739732450369828
135.3841997595862,10.442687209072801,12.551141224554646,8.47548032482912,7.488992659643519
139.85232516419302,10.123254078375457,12.240679924894478,8.250538297731094,7.2610349328658215
144.62544206399483,9.80377561452391,11.930866773796799,8.025822767263923,7.033064161438627
149.20864269278343,9.516202333378066,11.652653829013625,7.823795613686321,6.827878249795408
153.53353088677713,9.260544435289113,11.405900929751395,7.644408205709735,6.645480169413862
158.1166213610093,9.004848303575882,11.159718720882974,7.465221704796945,6.463071242684578
162.35729702969533,8.78108010308414,10.9448251516186,7.308615534866239,6.303453805693811
166.83171072736414,8.557277377803981,10.73046147876969,7.152196756098258,6.14382666242955
171.5597349180182,8.333437240673419,10.516680230268866,6.995984404811763,5.984189048804092
175.83093163796886,8.141542060222486,10.33394774087624,6.862268755475468,5.847347835772316
180.32023202021486,7.949614790336014,10.151729300748654,6.7287360954620885,5.7104977223454885
185.04477958406326,7.757652955128963,9.970072572849519,6.595403817086621,5.573638064318516
190.02356289125777,7.56565381808279,9.789031274346438,6.462291566763744,5.4367681537185995
194.38190148968116,7.4056238649614965,9.638677243138142,6.351548750140197,5.322701502819381
198.94485692371123,7.245563976799336,9.488832112858539,6.240988648008058,5.208626698053867
202.75241399402145,7.117493100250808,9.36935181740331,6.152682945259502,5.117360623949816
207.72183590563964,6.957373870911697,9.22053706033557,6.042493862921348,5.003269755867552
211.87627262375244,6.829252424464817,9.101947375227752,5.954509468044224,4.911990049129779
216.20027818750248,6.70110631126638,8.983801487270357,5.866685637394326,4.820703733420037
220.7044506497421,6.572934028162703,8.866133149697141,5.779034902325079,4.729410433930156
225.40029002526853,6.444733948126303,8.748979610368753,5.691571120445051,4.63810974696675
230.30029633016568,6.31650430736754,8.632382074256757,5.604309654872999,4.546801237115612
235.41808069305827,6.188243190812489,8.51638624105326,5.517267583287918,4.455484434076933
239.40821765395756,6.092025451314678,8.429814593569922,5.4521413773631835,4.386991084909214
243.53594554454304,5.995787892490975,8.343633435773318,5.38715808868181,4.318492555435846
247.80850599269291,5.899529504131824,8.257868382727946,5.322327351594563,4.249988601102512
252.23365788541955,5.803249206889543,8.172547327236588,5.257659678499511,4.181478961739294
256.8197243924272,5.706945846356828,8.087700697484483,5.193166561738354,4.112963360300766
261.57564521450917,5.610618186516188,8.003361750359574,5.128860589992304,4.044441501484281
266.51103474685846,5.514264902539798,7.919566906192542,5.064755581640048,3.9759130702110386
271.63624695352877,5.41788457280778,7.836356131944331,5.000866738029067,3.9073777299536583
275.16399042045776,5.353615244672878,7.781228292319935,4.958402474063496,3.8616834881231092
280.63082466722176,5.257186388250351,7.699090838109573,4.894912013685522,3.793135820889534
284.39768137416434,5.1928831624374,7.644724426013871,4.852730894455889,3.7474329988796398
288.2670375833367,5.128565448747231,7.590690815024679,4.81067386500246,3.7017265282866907
294.2726008663228,5.032060453966946,7.510303807447568,4.747836160411546,3.6331596892973503
298.41728538556686,4.967703951860079,7.457183168756534,4.706120555471094,3.5874435024873423
302.6803894625035,4.90333082441657,7.404463731036671,4.664555444696158,3.5417231735157375
307.06706177355426,4.838940385977096,7.352168411537935,4.623149721250287,3.4959985452628675
311.5827538584595,4.774531913492753,7.300321891858501,4.5819129881013865,3.4502694526314737
316.2332427220186,4.710104644027228,7.248950789565526,4.540855630096474,3.4045357220424086
321.02465549053403,4.645657772058538,7.198083850014376,4.499988894997563,3.3587971708959454
325.96349634423456,4.58119044657377,7.147752161164595,4.459324984807095,3.313053606991047
328.4903451531046,4.548948834616034,7.122797450038887,4.439073188221338,3.290179882413355
333.6634214547283,4.484449125922438,7.073332652293914,4.398738738768411,3.244428416444379
339.0020361980039,4.419926615966957,7.024492731304186,4.358642505278512,3.198671410998852
344.51426442886583,4.355380268145013,6.9763190809218845,4.318800937262852,3.1529086350434294
347.33815184221714,4.323097814342335,6.952496042053881,4.29898120989771,3.130025007449346
353.1271210395874,4.258513629911128,6.905407605545316,4.25955590462328,3.0842531143019176
356.09457583823934,4.226211599538723,6.882155057063533,4.239955487582002,3.061364782593554
362.1816626047051,4.161586878941155,6.83626766563964,4.200992977881296,3.0155831764950682
365.30391831681453,4.129263860933265,6.8136475391962055,4.181636839988969,2.9926898301961864
371.71275898903934,4.064595652026269,6.7690938714012185,4.143190824131316,2.9468978635651983
375.00225243142023,4.032250102151996,6.747177259839401,4.124107853369998,2.9239991649647536
378.3504868281293,3.999896673343737,6.725512776751331,4.105123146782864,2.901098602100914
385.2295865886408,3.935165397609021,6.682978850536837,4.067464430776824,2.855291714209491
388.7638029793623,3.902787144530051,6.662129964450229,4.048798915130846,2.832385301371245
392.3634678217638,3.8704001997508803,6.641574383106422,4.030248681084344,2.809476848561416
396.03041611916336,3.8380043436509963,6.6213237588224585,4.01181858639631,2.7865663085540184
403.5738526166714,3.773184983418198,6.5817871008004545,3.975339645119813,2.7407387709344255
407.4543704302932,3.7407610036614884,6.5625276052632255,3.957301974314856,2.7178216716165458
411.4102381043736,3.7083271607786563,6.543626233030297,3.9394068395234423,2.694902281587463
415.4436718112793,3.6758831970973054,6.525098140100543,3.9216606944141774,2.671980546062388
419.5569754925791,3.6434288464626428,6.506959331087128,3.904070387008089,2.64905640858599
423.7525452475049,3.6109638339210575,6.489226717952947,3.886643190247451,2.6261298109767828
428.0328739873787,3.5784878753912794,6.471918183566966,3.8693868354515293,2.603200693268368
432.40055637500495,3.5460006773258046,6.455052650522726,3.852309548989268,2.580268993649643
436.85829406959266,3.5135019363577538,6.438650155717489,3.835420092549856,2.5573346484047907
441.4089012994842,3.480991338937456,6.422731931254964,3.8187278074881963,2.534397591849829
446.05531078684726,3.4484685609557895,6.407320492272781,3.8022426640288765,2.5114577562696656
450.80058005053706,3.415933267355816,6.392439732388522,3.7859753183143376,2.4885150718535347
455.64789811559666,3.3833851117319047,6.37811502750909,3.76993728770961,2.465569466629264
460.60059266033136,3.350823735915068,6.364373348855959,3.754140279037931,2.4426208663969082
465.6621376346208,3.3182487695497818,6.351243386127414,3.738597958664469,2.4196691946630775
470.83616138611654,3.285659829655879,6.338755681849457,3.723324114157278,2.3967143725737707
476.1264553342752,3.253056520180924,6.326942778079878,3.7083338411983293,2.373756318849218
481.536983235801,3.2204384315413184,6.31583937675945,3.6936433733314726,2.3507949497180816
487.0718910890861,3.187805140154018,6.305482515161009,3.6792702013117538,2.32783017885525
492.7355177296568,3.155156207959848,6.295911758072012,3.6652331980191275,2.3048619173203244
498.53240617353515,3.122491181938902,6.287169408537876,3.6515527572082704,2.2818900735003167
