B_values,m_hK1,m_hK2,m_eK1,m_eK2
0,0.5886855550092743,0.5886855550092743,0.4769414984179988,0.4769414984179988
13.796373695372647,0.5933906486045137,0.5951721894105737,0.4840568609426103,0.47827361915862654
18.40104573436531,0.5950087006393531,0.5973724200114701,0.48647748656125095,0.47875036031412344
22.998856309441138,0.5966279597115959,0.599566714539225,0.48890134773043464,0.4792262292186118
27.601568601547967,0.5982525878059171,0.6017606676986096,0.4913347529874886,0.47970244817700647
32.19153862253618,0.5998763691129372,0.6039458546925923,0.493768467866981,0.48017719676913634
36.80209146873062,0.6015111236610304,0.606138111985727,0.49622029283574726,0.480653926236666
41.38912108611794,0.603141230398178,0.6083164479933334,0.4986668783682096,0.48112808091102666
45.973219694165095,0.6047739961923355,0.610490642678355,0.5011192572491369,0.4816017953488884
50.608268807527566,0.606428692038671,0.6126861845694486,0.5036064856340985,0.4820806402660348
55.203137203095935,0.6080728184016989,0.6148598726872906,0.5060798023349656,0.48255520528734114
59.79065553022301,0.6097180847518571,0.6170272576888506,0.5085568752973494,0.4830288880136572
64.43112431764331,0.6113861943912566,0.6192167614122426,0.5110704966647066,0.48350791781748004
68.95982954124763,0.6130178846020042,0.6213506973562564,0.5135314081875074,0.4839752984986099
73.54148772201195,0.6146724492872622,0.6235067104677838,0.5160290793632687,0.48444803643664736
78.20444437105257,0.6163603132257482,0.6256979858002992,0.5185794354937525,0.48492905653860363
82.85768386338007,0.618048642553036,0.627881655965347,0.521133011164165,0.48540897245022235
87.38634269801825,0.619695609964706,0.6300039219932566,0.523626523123974,0.48587594684904767
92.04446331091901,0.6213936306593187,0.6321838037366437,0.5261999833982031,0.4863561802862057
96.57461586760854,0.6230488846213381,0.6343008024836033,0.5287112918433274,0.4868231375978572
101.09801707920613,0.6247055087314912,0.6364116708759826,0.5312273822746261,0.4872893219995713
105.80601297260053,0.6264338289639334,0.6386054951740799,0.5338553226672392,0.4877744542536823
110.40627440619187,0.6281266492404551,0.6407459498420662,0.5364322872313612,0.4882484147295694
115.11694211418937,0.6298642645645125,0.6429345008527821,0.5390806113019522,0.4887336835122684
119.58131106044603,0.6315149373948609,0.6450055370193514,0.5415994701987257,0.48919352243335573
124.04842900235924,0.63317045110096,0.647074815826257,0.5441287662610129,0.48965359331717107
128.86224863528662,0.6349587534175635,0.6493012688980786,0.5468644487083318,0.49014931925720207
133.23720152105253,0.6365879059282584,0.651321629762788,0.5493599159514712,0.490599808909738
137.91965908249526,0.6383356846970811,0.6534806853156159,0.5520406092720432,0.4910819233717711
142.47146301261063,0.6400387923473819,0.6555761861558275,0.5546563679874574,0.4915505519274301
147.33397028266558,0.6418626329952019,0.6578110856053998,0.5574615631143426,0.49205113798519223
152.0030045521867,0.6436182778638004,0.6599534913431812,0.5601658667532182,0.49253178204494286
156.40888874210515,0.6452789168429919,0.6619719135264274,0.5627275141986444,0.49298531984717603
161.07781079410827,0.6470428927545498,0.6641073791821573,0.5654525711928362,0.49346592198996275
165.39790533647897,0.6486789350984039,0.6660801009195544,0.5679837524161488,0.49391061031840644
169.95611532606702,0.6504091871371199,0.668158194489286,0.570664704275841,0.4943798070041848
174.7726853960365,0.6522420266039719,0.6703502925404993,0.5735092013069089,0.49487560126741525
179.1238725843196,0.6539017780691965,0.6723272174982069,0.5760892258963771,0.49532349938131615
183.69724805455755,0.6556503919599251,0.6744016144709949,0.5788117361635055,0.49579428238915985
188.5102763878647,0.6574951987088677,0.6765808320662869,0.581688946739276,0.496289755994814
193.5823017615292,0.6594443569732057,0.6788729715082747,0.5847345174533646,0.4968119216961273
198.0222628111056,0.6611549071014564,0.680875777724606,0.5874121027472403,0.49726904714396775
202.67067273624892,0.6629500700464325,0.6829688879955365,0.5902270939787946,0.497747670433062
206.54953728622496,0.6644514226458277,0.6847125450574688,0.592585327805917,0.4981470902415342
211.61202594520105,0.6664155450494951,0.6869842208323803,0.5956760034381833,0.498668442521447
215.8442664641051,0.6680615902194332,0.6888797926051412,0.5982710923676982,0.4991043420907807
220.24925149398476,0.6697787364512224,0.6908492750011627,0.6009831502394791,0.49955808600015683
224.8377775667761,0.6715716865967514,0.6928970386153587,0.6038203331177617,0.5000307982090743
229.62156006819689,0.6734455665828516,0.6950278020282741,0.6067915786972922,0.500523699596705
234.6133331131577,0.6754059738988281,0.697246666736588,0.609906702780711,0.50103811870021
239.82696273789455,0.6774590328715316,0.6995591563219042,0.6131765104767387,0.5015755039208267
243.89182651311307,0.6790636446907449,0.7013585491161869,0.6157375037124869,0.501994560666496
248.09685800471848,0.680727209798384,0.7032166792821429,0.6183976773646286,0.5024281446955792
252.44943446094163,0.6824530304122122,0.7051364376230311,0.6211629623403084,0.5028770294984063
256.95746007631556,0.6842446590691574,0.7071209053064416,0.6240397757618454,0.503342044845225
261.62941389588497,0.6861059226613005,0.7091733695651206,0.6270350721468751,0.5038240820378449
266.47440304210505,0.6880409492734664,0.7112973409534808,0.6301564012234658,0.5043240997648396
271.5022219674278,0.6900541982076221,0.7134965723391522,0.6334119734113458,0.5048431306438906
276.72341854372445,0.6921504936385519,0.7157750798332078,0.6368107341844955,0.5053822885481805
280.3172291741625,0.6935967242100268,0.7173402392436876,0.6391609096794871,0.5057534991254251
285.8864456478213,0.6958432636570291,0.7197605874746619,0.6428204667686759,0.5063289245258462
289.7238476028256,0.6973950085415698,0.7214246488498987,0.6453546041386098,0.5067255411372064
293.6656686586464,0.6989922016312379,0.723130871137161,0.6479684934102574,0.5071330620079708
299.78370342236815,0.7014776502619826,0.7257727707257818,0.6520473962053237,0.5077658023606241
304.0060091043734,0.7031975511348346,0.7275915573560051,0.6548781615742009,0.5082026551180727
308.3489520915787,0.7049705033711411,0.7294584549657182,0.6578033933000336,0.5086521426019932
312.8177774842103,0.7067989850922695,0.7313753635118015,0.6608279596466073,0.5091148265828447
317.4180389178016,0.7086856297644096,0.7333442823200299,0.6639570723843056,0.5095913030036536
322.15562158821655,0.7106332384119056,0.7353673165306931,0.6671963178410956,0.510082204649354
327.0367673698562,0.7126447929817838,0.7374466840421336,0.6705516914013832,0.5105882040729688
332.0681022524694,0.7147234709874815,0.7395847229978574,0.6740296359077989,0.5111100168086646
334.64227358775986,0.7157890316486373,0.7406765097919188,0.6758167184465345,0.5113770893882306
339.91223065213404,0.7179748203659864,0.7429072230097512,0.6794916851533437,0.5119240665247351
345.35082634256815,0.7202366412615255,0.7452030337298534,0.6833075812137007,0.5124888579381524
350.96628693350425,0.7225784936605831,0.7475667689745678,0.6872727877409921,0.5130723598937021
353.84305977722147,0.7237807577884755,0.7487750357570344,0.6893141868853249,0.5133714242178199
359.74044410684184,0.7262507787618113,0.7512463161953815,0.6935205912318313,0.5139848096435401
362.76347304891607,0.7275197227627385,0.7525101431951916,0.695688152823134,0.5142993961147024
368.96455805829936,0.730128607489079,0.7550962937995483,0.7001587948437766,0.5149450557679891
372.1452870070777,0.7314698688878275,0.7564195043112323,0.7024647713200841,0.5152764238585094
378.67415169141236,0.7342295159945882,0.7591285127731053,0.7072257545333034,0.5159570147773982
382.0252503789471,0.7356493747743985,0.7605152794925039,0.709684055758811,0.5163065663540418
385.43619011447333,0.737096952239291,0.7619242249079777,0.7121965503934367,0.5166625181953477
392.4441208438274,0.7400785272173227,0.7648107558807498,0.7173915636549147,0.5173943510642454
396.0445256222112,0.7416142359970048,0.7662894342474754,0.7200780219056275,0.51777061403666
399.71160456315755,0.7431810890282489,0.7677924781752957,0.7228265631986992,0.5181540418747622
403.4472270357104,0.7447800281890491,0.7693204777054178,0.7256393991161545,0.5185448449390082
411.131936122105,0.7480781219242486,0.7724537978587745,0.731467344954312,0.5193494610035255
415.08512781558676,0.7497793553869726,0.7740603949086481,0.7344874422976023,0.519763738887398
419.11508051282533,0.751516836754666,0.7756945019774855,0.7375818239675246,0.5201863227303073
423.2240518904021,0.753291715048837,0.7773568101456461,0.7407533104707805,0.5206174699571152
427.4143890378319,0.7551051871415474,0.7790480331821951,0.7440048685079953,0.5210574489699319
431.6885329282102,0.7569585001947581,0.780768908467049,0.7473396206436153,0.5215065397522385
436.04902315980826,0.7588529542449849,0.7825201979582744,0.7507608557588488,0.5219650345140138
440.4985029879695,0.7607899049430605,0.7843026892084648,0.7542720403644656,0.5224332383815417
445.03972466825786,0.7627707664593494,0.7861171964319007,0.757876830858798,0.5229114701353967
449.6755551335522,0.7647970145656535,0.7879645616270768,0.7615790868290025,0.523400063000707
454.4089820296949,0.7668701899063703,0.7898456557567782,0.7653828855105708,0.5238993654940879
459.24312013639377,0.7689919014713282,0.7917613799907784,0.769292537554916,0.5244097423324212
464.18121820237656,0.7711638302844623,0.7937126670145498,0.7733126043483862,0.5249315754082884
469.2266662263154,0.7733877333237921,0.7957004824084616,0.7774479175618911,0.5254652648389763
474.38300321781344,0.7756654476882034,0.797725826103091,0.7817036052180982,0.5260112300944683
479.6539254757891,0.7779988950291152,0.7997897339152229,0.7860853104388342,0.5265699112126802
485.04329542495526,0.7803900862653256,0.8018932791709623,0.7905979715342712,0.5271417701096089
490.5551510547843,0.7828411266014305,0.8040375744220842,0.795248709350557,0.5277272919929771
