B_values,m_hK1,m_hK2,m_eK1,m_eK2
0,0.45593905952753183,0.45593905952753183,0.3168831139169114,0.3168831139169114
12.042300026618495,0.4576988813534741,0.46382953963337126,0.3205443584223388,0.31829264205865176
16.061533155707277,0.4583208300513268,0.46650046629525177,0.32178117937449213,0.3187805525482793
20.07477718875294,0.45894059780301266,0.4691677049667194,0.3230140575788751,0.31926686235602
24.092299733560917,0.4595597786221566,0.4718381697933724,0.3242462051497688,0.31975282440393216
28.098700062109817,0.46017600959441063,0.4745017111850049,0.3254729592324465,0.32023658604165417
32.123066311414554,0.46079376906677727,0.47717775603487994,0.3267032760564978,0.320721665356891
36.12690007985548,0.46140715582187275,0.479840789057265,0.32792544109937266,0.3212034305477597
40.128175488061,0.46201894122430137,0.48250284303058516,0.3291450092298982,0.32168405930071103
44.1739235443016,0.46263630436144687,0.48519530257484494,0.33037633874031985,0.32216919557957735
48.184599467121835,0.46324710989934104,0.48786531467153454,0.3315952646813469,0.3226493056211565
52.18885981064996,0.4638557477338883,0.4905320225166868,0.3328105728285411,0.3231278399731748
56.239338482521305,0.4644702072916067,0.4932305727050387,0.3340382624998105,0.32361108408286654
60.19226323209148,0.4650687076859282,0.4958652354371231,0.3352348349594371,0.3240819076101366
64.19140848941954,0.46567304662024855,0.4985318910678585,0.33644388832729977,0.3245574574564887
68.26151591175592,0.4662869184219527,0.5012471662873461,0.33767288326055184,0.32504064841107755
72.32314161859745,0.46689832036575657,0.5039581682408552,0.33889784368500014,0.3255220379431615
76.27602587710379,0.4674922177479304,0.5065979891796236,0.3400886397057188,0.32598978400683976
80.34191211788757,0.4681019309320183,0.5093147891411293,0.34131211391637073,0.32647013125457397
84.29610018632947,0.46869376999118817,0.5119584947376095,0.3425006935924333,0.3269365396287644
88.24439527702405,0.4692836271968068,0.5145998442415943,0.3436862809963022,0.32740152852282706
92.35381564531684,0.46989639501464664,0.5173507354453479,0.3449189987832735,0.3278847310320021
96.36919893424367,0.47049400333948344,0.5200404715480701,0.34612231696559403,0.3283561320556424
100.48095142210471,0.4711047957595115,0.522796669801751,0.347353338513122,0.32883809114715246
104.37771962129992,0.47168257667248686,0.5254106055509788,0.34851893668255385,0.32929415136565726
108.2768873083025,0.4722596708592048,0.528028010040272,0.349684258604863,0.329749816895891
112.47867696504261,0.4728803933415414,0.5308507060613205,0.35093895220804255,0.33024009758362266
116.29739747928787,0.4734434865129959,0.5334180565052016,0.3520783308051545,0.3306850112635404
120.38452646418295,0.474045067625696,0.5361680270470878,0.3532968545994493,0.33116049706430656
124.35761314616921,0.47462878784021306,0.5388434747486103,0.3544804851102992,0.3316220277978777
128.6019002842637,0.4752511878679627,0.541704020706595,0.3557439786279241,0.33211431989128887
132.67731261721576,0.47584769729972437,0.5444532194866286,0.35695633440382646,0.3325863087695657
136.52303182351184,0.4764095806651147,0.5470497483487335,0.3580996190324946,0.333031058644801
140.59834620630326,0.47700394839056764,0.549803766034243,0.35931040957250693,0.3335016909978728
144.36918307773666,0.4775529418467516,0.5523543421454744,0.3604300835164572,0.3339365523106978
148.34786135153257,0.47813119164624546,0.5550479720241103,0.3616108223608368,0.3343947530714467
152.55205175420758,0.478741103161049,0.557897095369896,0.3628577983582043,0.3348782284004336
156.3500281464285,0.4792911055067495,0.5604734762043972,0.36398371546820507,0.33531437968770006
160.34194375867776,0.47986819667864944,0.5631840736045276,0.36516657144140335,0.33577218347594706
164.5430427217872,0.48047443110527044,0.5660397113511305,0.3664108332945854,0.33625329741164045
168.97020979053482,0.4811120766143323,0.5690524145324647,0.3677214515197589,0.3367595532103505
172.84567331784072,0.4816692450674073,0.5716926015962961,0.3688682731178165,0.33720209612433355
176.903083489621,0.4822515614077684,0.5744597181904727,0.3700684994374231,0.3376647963137028
180.28878843679075,0.48273668785957974,0.5767711086536227,0.3710697101462797,0.338050415157926
184.70763129063369,0.4833687770432745,0.5797911141150949,0.37237603649865475,0.338553051177072
188.40178391644636,0.4838962762017293,0.5823187547404747,0.37346780546128605,0.33897269155945703
192.2467182820881,0.4844444133187873,0.5849524320349259,0.3746038554586845,0.3394089196507151
196.25185824629827,0.48501442582869414,0.5876990053868543,0.3757869656112531,0.33986274223180857
200.42742969834717,0.4856076522741626,0.5905659420924694,0.3770201548943053,0.3403352495109477
204.78454773526775,0.4862255428645022,0.5935613865307301,0.37830670882103645,0.3408276239751226
209.33531546271817,0.4868696713872243,0.5966942390385201,0.3796502097979632,0.34134115039614726
212.88337165700153,0.4873710100261912,0.5991398809500978,0.38069754795960137,0.34174101278194474
216.553774616605,0.487888843943689,0.6016727349367136,0.3817808990100021,0.34215419314818124
220.35296364496648,0.4884240025512998,0.6042975858930788,0.3829021770314375,0.34258137090250584
224.28783799576945,0.4889773719220896,0.6070195773914092,0.38406343577919916,0.34302327264511373
228.36579868660164,0.48954989972196594,0.6098442460950984,0.3852668817911732,0.34348067635382656
232.59479495857573,0.49014260066599563,0.6127775602274957,0.3865148890160943,0.34395441602368726
236.98337599553003,0.49075656256630656,0.6158259626664587,0.3878100151706486,0.34444538682053943
241.54074861082864,0.4913929530474512,0.6189964193291259,0.38915502007229996,0.3449545508161322
244.67764144993035,0.491830289561812,0.621181564577578,0.39008086342161885,0.3453046088809769
249.53878664429982,0.4925068965408601,0.6245725208208278,0.3915157477528851,0.34584643511006996
252.88830055898836,0.49297231577825956,0.6269123851755443,0.3925045549795715,0.3462193190653824
256.32895770945083,0.49344973242047324,0.6293188127525384,0.39352038796450084,0.346601965954715
261.6691443283977,0.49418939004427964,0.6330596661430117,0.395097326143197,0.347195101919028
265.3546252344315,0.49469891691607837,0.6356456017453065,0.3961858644617815,0.347603911686066
269.1454055949234,0.49522220372297654,0.6383090607321533,0.39730572476088283,0.34802394743826365
273.0460636470237,0.49575981707461003,0.6410536155386855,0.3984583027967875,0.348455680692386
277.0614469359505,0.4963123552031277,0.6438830631144312,0.399645079785876,0.3488996098849863
281.1966924126065,0.49688045020565835,0.6468014429389273,0.4008676291340876,0.3493562623302785
285.45724835825206,0.4974647704806489,0.649813056807485,0.4021276238195425,0.3498261963524164
289.8488983329944,0.4980660233779704,0.6529224905944444,0.4034268445044709,0.3503100036098416
292.0957890177463,0.4983732319626876,0.6545154065715407,0.4040917526773267,0.350557304329785
296.69572270306514,0.49900130244737045,0.6577808497796414,0.40545340885495135,0.35106311002203183
301.44285426631416,0.4996482639319996,0.6611569839543245,0.4068592746685997,0.35158443117670685
306.3443640917827,0.5003149846087225,0.6646495950915186,0.4083115842557628,0.35212199772504615
308.85538346958424,0.5006560406562459,0.6664414997352646,0.40905589586868346,0.3523971138191891
314.00297319407724,0.5013541476839818,0.6701205900761141,0.41058240479931324,0.35296052048518234
316.6416536410863,0.501711451553068,0.6720094981561537,0.41136526448809013,0.3532490245446364
322.05433148110495,0.5024432227863898,0.6758905857900266,0.4129719402668324,0.3538401943745623
324.8306619249075,0.5028179681864937,0.6778846858055694,0.41379649308933797,0.3541430954882547
330.5294454674497,0.5035859080878665,0.68198507451423,0.41548997357187595,0.3547641484928613
333.4544848078696,0.5039794089860974,0.6840935112407648,0.41635972323991055,0.35508256046936043
336.4317569936542,0.5043794766934332,0.6862422780044837,0.41724538664189964,0.35540641032424725
342.5486980299024,0.5051999838058966,0.6905761387032051,0.4190662774909487,0.3560709950505427
345.69134663568144,0.5056207733124641,0.6929426136572651,0.4200024611577732,0.3564120283170036
348.89219243786357,0.5060488303356296,0.6952650003785328,0.4209564728064515,0.35675909671062445
352.15286713354453,0.5064843455508965,0.6976341205422897,0.4219288395118983,0.3571123631873822
358.86054079323117,0.5073785473227893,0.7025183898662984,0.42393085459191976,0.35783817229852793
362.311122916243,0.5078376502169237,0.7050366076952476,0.42496166873940616,0.358211071775223
365.8287066338764,0.5083050446334538,0.7076077029514832,0.4260131719450272,0.35859088362116476
369.41526258126737,0.5087809582021252,0.7102333796412538,0.42708601028464654,0.35897780352929837
373.07283943850763,0.5092656269920015,0.7129154164121784,0.4281808576120051,0.3593720347052746
376.8035678328927,0.5097592959077206,0.7156556707093522,0.42929841709456945,0.35977378823351747
380.6096644776694,0.5102622191076407,0.7184560832136991,0.4304394228541076,0.36018328346534734
384.4934365641762,0.5107746604467215,0.7213186825851986,0.4316046417200794,0.36060074843022233
388.4572864256626,0.5112968939445824,0.7242455905351277,0.43279487510566084,0.36102642027188575
392.50371649259654,0.5118292042814557,0.7272390272550057,0.43401096101608094,0.3614605457113522
396.63533456093967,0.5123718873231836,0.730301317231521,0.4352537762008345,0.36190338153837226
400.85485939669434,0.5129252506779075,0.7334348954803256,0.4365242384619889,0.36235519513383246
405.1651267020352,0.5134896142860732,0.7366423142338366,0.4378233091319972,0.3628162650249645
409.5690954705355,0.5140653110470006,0.7399262501229739,0.43915199573607727,0.3632868814763086
414.06985476142063,0.5146526874834298,0.7432895118951872,0.44051135485546483,0.36376734711855385
418.67063092543634,0.5152521044481684,0.7467350487171428,0.441902495209852,0.36425797761874357
423.374795317857,0.5158639378748779,0.7502659591134637,0.443326580978882,0.3647591023946529
428.1858725373781,0.5164885795768105,0.7538855006005342,0.4447848353850882,0.3652710653768288
433.10754923321,0.5171264380969123,0.7575971000781482,0.4462785445629276,0.3657942258223305
438.1436835266194,0.5177779396134712,0.7614043650506064,0.44780906174113194,0.36632895918396957
443.2983150975208,0.5184435289050738,0.7653110957554022,0.44937781176887315,0.36687565803987116
448.5756759915389,0.5191236703800511,0.7693212982863825,0.45098629601988904,0.3674347330878598
453.9802022083045,0.5198188491750134,0.7734391988085538,0.45263609771189256,0.3680066142106646
459.516546137674,0.5205295723284171,0.7776692589716754,0.4543288876840533,0.368591751617371
465.18958991715147,0.521256370034725,0.7820161926431098,0.45606643067967184,0.369190617067646
471.0044597911159,0.5219997969861437,0.7864849840934611,0.4578505921868099,0.3698037051864247
476.9665415606236,0.5227604338088732,0.7910809077852854,0.4596833458971852,0.3704315348759739
483.0814972216573,0.5235388886018316,0.7958095499319707,0.46156678184972344,0.37107465083498475
489.3552828998607,0.5243357985866133,0.8006768320153582,0.4635031153347804,0.3717336251933722
495.79416820117456,0.5251518318780458,0.8056890364730458,0.46549469664469906,0.3724090592738847
502.40475711052363,0.5259876893857178,0.810852834793562,0.4675440217669737,0.3731015854919336
