B_values,m_hK1,m_hK2,m_eK1,m_eK2
0,0.33315288604915155,0.33315288604915155,0.24782966693094668,0.24782966693094668
12.042300026618495,0.33649016264545545,0.3410750404416953,0.25297152300896736,0.24927075141016822
16.061533155707277,0.33764777687043973,0.34376360234630304,0.25470998638458586,0.2497751190269209
20.07477718875294,0.3388041479220495,0.34644912941939343,0.25644454945539125,0.25027774230401684
24.092299733560917,0.3399622594019423,0.3491385954752106,0.25817979043858114,0.25077992127562926
28.098700062109817,0.3411176955042899,0.3518217873750578,0.25990919613635627,0.251279746621104
32.123066311414554,0.3422788713698924,0.3545182855118275,0.2616454534729458,0.25178085793542887
36.12690007985548,0.34343470264899345,0.3572023852151537,0.26337208322379363,0.25227847520070695
40.128175488061,0.3445903971068681,0.3598862126575253,0.265096969467788,0.2527748530770648
44.1739235443016,0.34575957240572786,0.36260142298153014,0.26684050220289296,0.2532758241662181
48.184599467121835,0.34691926690865077,0.36529471984691564,0.268568521765343,0.253771547946452
52.18885981064996,0.34807777983974,0.3679854012062754,0.27029350026363347,0.25426559261711806
56.239338482521305,0.34925037271429793,0.37070893766172475,0.27203822628457164,0.25476445114065993
60.19226323209148,0.35039543314370314,0.373368695155632,0.27374088612947706,0.25525044494661403
64.19140848941954,0.3515546172488404,0.37606144796322466,0.27546352023483384,0.25574127858853807
68.26151591175592,0.35273515183909776,0.37880400897045546,0.2772169017843098,0.2562399632449013
72.32314161859745,0.35391403503117286,0.38154296122647396,0.27896692343907914,0.2567367572296625
76.27602587710379,0.3550621533719827,0.38421066683965305,0.2806704796993819,0.2572194451094049
80.34191211788757,0.35624393562429757,0.38695684028964533,0.2824232419963496,0.2577151141441185
84.29610018632947,0.357394092204138,0.3896297734145096,0.2841284462518471,0.2581963817971432
88.24439527702405,0.35854338177530315,0.39230094441125585,0.2858317920454997,0.25867617109621033
92.35381564531684,0.359740492921886,0.3950835357560175,0.28760547745256404,0.2591747434380103
96.36919893424367,0.36091113808973563,0.3978048825298675,0.28933949197888476,0.25966113286959297
100.48095142210471,0.36211085075494115,0.40059408366603705,0.29111616550697106,0.2601584141215403
104.37771962129992,0.36324876343114254,0.4032398709319776,0.2928010125786764,0.26062897518766254
108.2768873083025,0.36438829884381685,0.4058896879765276,0.2944880262771916,0.2610991347191989
112.47867696504261,0.3656173292359329,0.40874789711476284,0.2963073364483855,0.2616050210068679
116.29739747928787,0.3667352776859351,0.41134802932800424,0.2979620991029304,0.2620641094452761
120.38452646418295,0.36793284320260994,0.41413359743233236,0.2997346522489614,0.2625547618748951
124.35761314616921,0.3690980421853545,0.4168441336171945,0.30145930423589373,0.2630310356237983
128.6019002842637,0.37034394041909463,0.4197426635842201,0.30330347721482515,0.26353908108091073
132.67731261721576,0.3715414173881447,0.422528794305587,0.3050761168633117,0.26402620471016847
136.52303182351184,0.37267245611790367,0.4251605611091144,0.30675059119680265,0.26448524750074065
140.59834620630326,0.3738721533131322,0.42795230394949096,0.30852696835284776,0.264971041872851
144.36918307773666,0.3749832735033521,0.43053811303419226,0.3101724787515064,0.2654199504081186
148.34786135153257,0.3761567536719814,0.43326923070328294,0.31191069756396633,0.2658929950988852
152.55205175420758,0.3773980124830747,0.4361582840143666,0.3137497744987059,0.2663921849161737
156.3500281464285,0.3785204741991423,0.4387709882265364,0.3154133016829755,0.2668425617995373
160.34194375867776,0.37970143129010453,0.4415199907431597,0.31716405099682626,0.2673153514809569
164.5430427217872,0.3809455953378187,0.4444162627346203,0.3190091524273839,0.26781227822763715
168.97020979053482,0.3822581994681691,0.44747198576535785,0.3209565433319944,0.2683352487593661
172.84567331784072,0.38340850238714197,0.4501499638400579,0.3226638704420717,0.26879247042336507
176.903083489621,0.38461410054673983,0.4529567420132644,0.32445405625044643,0.26927058944009186
180.28878843679075,0.38562113433919204,0.4553012771863926,0.3259500536695311,0.2696691172266726
184.70763129063369,0.38693687872010823,0.45836457002551173,0.3279056177937277,0.2701886638079898
188.40178391644636,0.38803808730354433,0.4609283906484406,0.32954320892832917,0.27062249913914804
192.2467182820881,0.38918546319806874,0.46359968268937474,0.33125036415296294,0.2710735608166418
196.25185824629827,0.39038198486847425,0.46638535621164146,0.33303168230107827,0.2715429029037772
200.42742969834717,0.3916308935255594,0.4692929261037596,0.3348921821184107,0.2720316678738799
204.78454773526775,0.3929357228272222,0.4723305795620756,0.3368373518529563,0.2725410961474677
209.33531546271817,0.3943003327083424,0.4755072527795071,0.33887320611088895,0.2730725369007889
212.88337165700153,0.39536554770737475,0.47798683404337877,0.34046355835547193,0.27348644264801725
216.553774616605,0.3964686885374331,0.4805545551440302,0.3421116525687049,0.27391422403058274
220.35296364496648,0.3976118275111705,0.4832152019325305,0.3438207494323242,0.2743565968419653
224.28783799576945,0.39879719127272634,0.48597391235244225,0.34559436356592355,0.27481432741444445
228.36579868660164,0.4000271754700518,0.4888362092892106,0.34743628905011287,0.2752882372011641
232.59479495857573,0.4013043611351506,0.4918080371456854,0.3493506281239572,0.2757792078707333
236.98337599553003,0.402631533008547,0.49489580264336536,0.3513418235311528,0.2762881869832942
241.54074861082864,0.40401170008206805,0.498106420425118,0.3534146950734576,0.276816194327598
244.67764144993035,0.4049628503623457,0.5003187495451817,0.35484455326993475,0.27717930973535415
249.53878664429982,0.40643871285325045,0.503751030995449,0.3570654200912554,0.27774151600342095
252.88830055898836,0.407456989454511,0.5061187642616732,0.3585993279352058,0.2781285486585878
256.32895770945083,0.40850413170826144,0.5085532698310793,0.36017813063739157,0.2785258221356064
261.6691443283977,0.4101317266293071,0.5123365266733615,0.3626350207830809,0.27914185204998987
265.3546252344315,0.4112566725826524,0.514950838161261,0.3643352910606902,0.27956660252655413
269.1454055949234,0.41241520026971035,0.5176426786364335,0.3660881982368267,0.2800031580364647
273.0460636470237,0.41360884467341014,0.5204155394175407,0.3678962842910195,0.280452024274065
277.0614469359505,0.41483923605860956,0.5232731233457026,0.3697622607091879,0.28091373663637
281.1966924126065,0.41610810748481586,0.52621936090818,0.37168902307216783,0.28138886246785305
285.45724835825206,0.4174173030394465,0.529258427843459,0.37367966719718154,0.28187800351534087
289.8488983329944,0.4187687868732293,0.5323947643870163,0.37573750703038983,0.2823817986161222
292.0957890177463,0.41946103594534584,0.5340008738024323,0.37679272543591547,0.28263940193487236
296.69572270306514,0.42087992229854637,0.5372920711199594,0.3789580990864366,0.2831664643978694
301.44285426631416,0.422346600234062,0.5406929390764755,0.38120004362601045,0.2837099603512797
306.3443640917827,0.423863539168308,0.544209023358734,0.38352280842081743,0.2842706836616681
308.85538346958424,0.4246416752121103,0.5460121068121023,0.3847159149780019,0.28455776799856003
314.00297319407724,0.4262390193572752,0.5497122466079074,0.3871686025925846,0.28514593776746316
316.6416536410863,0.4270589603022554,0.5516109395855423,0.38842946560735725,0.28544725681339084
322.05433148110495,0.4287433120158769,0.5555098785594319,0.3910236282685868,0.2860649775594098
324.8306619249075,0.4296085381655441,0.5575119386674272,0.39235837012680497,0.28638163786517595
330.5294454674497,0.4313872438050861,0.5616260200332119,0.3951070052706784,0.28703123937474273
333.4544848078696,0.43230163312547565,0.5637400572276242,0.3965225273768853,0.28736446768518226
336.4317569936542,0.4332333488683742,0.5658934974594272,0.39796666282955684,0.2877035144632644
342.5486980299024,0.43515077684032416,0.5703230383580564,0.40094442887561155,0.28839969708020435
345.69134663568144,0.4361375470629101,0.5726014690352146,0.402479987742873,0.28875716458184825
348.89219243786357,0.4371437616377538,0.5749239666548001,0.40404802108286125,0.2891211144508775
352.15286713354453,0.4381700034170534,0.5772918094986877,0.4056496043382314,0.28949172867464373
358.86054079323117,0.4402850186721961,0.5821688922980808,0.4089579714052823,0.29025371369654623
362.311122916243,0.44137508016234206,0.5846809442985058,0.410667164075322,0.29064548511015076
365.8287066338764,0.4424877474819947,0.5872439707108571,0.4124147308473417,0.291044722882485
369.41526258126737,0.443623733593053,0.5898595206097377,0.4142020245856485,0.29145164796426687
373.07283943850763,0.4447837816652315,0.5925292054065167,0.41603046423695633,0.29186649034865486
376.8035678328927,0.4459686666778676,0.5952547019507864,0.41790153900886273,0.2922894895521601
380.6096644776694,0.44717919712293186,0.5980377558139254,0.41981681288159,0.29272089512753435
384.4934365641762,0.4484162168169661,0.6008801847671892,0.42177792949727,0.2931609672112062
388.4572864256626,0.44968060682951333,0.6037838824677811,0.4237866175139353,0.2936099771082272
392.50371649259654,0.4509732875371347,0.6067508223667912,0.4258446967685283,0.29406820791769983
396.63533456093967,0.45229522081206164,0.6097830618545697,0.42795408919319733,0.29453595520223164
400.85485939669434,0.45364741235570244,0.6128827466593779,0.4301167402842606,0.2950135277051965
405.1651267020352,0.4550309141880394,0.6160521155178383,0.4323349289726204,0.2955012481199924
409.5690954705355,0.45644682730475494,0.6192935051353634,0.4346107947921552,0.2959994539159705
414.06985476142063,0.45789630451509056,0.6226093554575712,0.436946734984214,0.29650849822620684
418.67063092543634,0.45938055347429635,0.626002215274691,0.4393452624864493,0.2970287508028312
423.374795317857,0.460900839926087,0.6294747481828948,0.44180903552507256,0.2975605990465378
428.1858725373781,0.46245849117152465,0.6330297389278069,0.4443408697249244,0.29810444911741674
433.10754923321,0.4640548997822359,0.6366701001587336,0.4469437504729604,0.2986607271355387
438.1436835266194,0.465691527577716,0.640398879622779,0.4496208463305334,0.2992298804807964
443.2983150975208,0.4673699098875136,0.6442192678317925,0.4523755237269374,0.299812379203264
448.5756759915389,0.4690916601219901,0.6481346062365226,0.45521136311336774,0.30040871755764725
453.9802022083045,0.4708584746762459,0.652148395946564,0.45813217676313445,0.3010194156784351
459.516546137674,0.47267213819494014,0.6562643070357996,0.4611420284273762,0.3016450214183474
465.18958991715147,0.474534529227504,0.6604861884785143,0.46424525508660175,0.30228611238120323
471.0044597911159,0.4764476263066419,0.6648180787632284,0.467446491076102,0.3029432981987004
476.9665415606236,0.4784135144849152,0.6692642172360908,0.4707506949101937,0.3036172231373867
483.0814972216573,0.48043439236852115,0.6738290562296521,0.4741631791879646,0.30430856920835514
489.3552828998607,0.48251257968986344,0.6785172740374962,0.47768964403265934,0.30501806017713046
495.79416820117456,0.4846505254651268,0.6833337887998723,0.4813362146067936,0.3057464675435866
502.40475711052363,0.48685081678651637,0.6882837733714592,0.4851094833550177,0.30649462197625377
